*game: player 1
H-representation
linearity 1 40
begin
40 33 rational
0 1 0 0 0 0 0 0 0 0 0 0 0 0 0 0 0 0 0 0 0 0 0 0 0 0 0 0 0 0 0 0 0 
0 0 1 0 0 0 0 0 0 0 0 0 0 0 0 0 0 0 0 0 0 0 0 0 0 0 0 0 0 0 0 0 0 
0 0 0 1 0 0 0 0 0 0 0 0 0 0 0 0 0 0 0 0 0 0 0 0 0 0 0 0 0 0 0 0 0 
0 0 0 0 1 0 0 0 0 0 0 0 0 0 0 0 0 0 0 0 0 0 0 0 0 0 0 0 0 0 0 0 0 
0 0 0 0 0 1 0 0 0 0 0 0 0 0 0 0 0 0 0 0 0 0 0 0 0 0 0 0 0 0 0 0 0 
0 0 0 0 0 0 1 0 0 0 0 0 0 0 0 0 0 0 0 0 0 0 0 0 0 0 0 0 0 0 0 0 0 
0 0 0 0 0 0 0 1 0 0 0 0 0 0 0 0 0 0 0 0 0 0 0 0 0 0 0 0 0 0 0 0 0 
0 0 0 0 0 0 0 0 1 0 0 0 0 0 0 0 0 0 0 0 0 0 0 0 0 0 0 0 0 0 0 0 0 
0 0 0 0 0 0 0 0 0 1 0 0 0 0 0 0 0 0 0 0 0 0 0 0 0 0 0 0 0 0 0 0 0 
0 0 0 0 0 0 0 0 0 0 1 0 0 0 0 0 0 0 0 0 0 0 0 0 0 0 0 0 0 0 0 0 0 
0 0 0 0 0 0 0 0 0 0 0 1 0 0 0 0 0 0 0 0 0 0 0 0 0 0 0 0 0 0 0 0 0 
0 0 0 0 0 0 0 0 0 0 0 0 1 0 0 0 0 0 0 0 0 0 0 0 0 0 0 0 0 0 0 0 0 
0 0 0 0 0 0 0 0 0 0 0 0 0 1 0 0 0 0 0 0 0 0 0 0 0 0 0 0 0 0 0 0 0 
0 0 0 0 0 0 0 0 0 0 0 0 0 0 1 0 0 0 0 0 0 0 0 0 0 0 0 0 0 0 0 0 0 
0 0 0 0 0 0 0 0 0 0 0 0 0 0 0 1 0 0 0 0 0 0 0 0 0 0 0 0 0 0 0 0 0 
0 0 0 0 0 0 0 0 0 0 0 0 0 0 0 0 1 0 0 0 0 0 0 0 0 0 0 0 0 0 0 0 0 
0 0 0 0 0 0 0 0 0 0 0 0 0 0 0 0 0 1 0 0 0 0 0 0 0 0 0 0 0 0 0 0 0 
0 0 0 0 0 0 0 0 0 0 0 0 0 0 0 0 0 0 1 0 0 0 0 0 0 0 0 0 0 0 0 0 0 
0 0 0 0 0 0 0 0 0 0 0 0 0 0 0 0 0 0 0 1 0 0 0 0 0 0 0 0 0 0 0 0 0 
0 0 0 0 0 0 0 0 0 0 0 0 0 0 0 0 0 0 0 0 1 0 0 0 0 0 0 0 0 0 0 0 0 
0 0 0 0 0 0 0 0 0 0 0 0 0 0 0 0 0 0 0 0 0 1 0 0 0 0 0 0 0 0 0 0 0 
0 0 0 0 0 0 0 0 0 0 0 0 0 0 0 0 0 0 0 0 0 0 1 0 0 0 0 0 0 0 0 0 0 
0 0 0 0 0 0 0 0 0 0 0 0 0 0 0 0 0 0 0 0 0 0 0 1 0 0 0 0 0 0 0 0 0 
0 0 0 0 0 0 0 0 0 0 0 0 0 0 0 0 0 0 0 0 0 0 0 0 1 0 0 0 0 0 0 0 0 
0 0 0 0 0 0 0 0 0 0 0 0 0 0 0 0 0 0 0 0 0 0 0 0 0 1 0 0 0 0 0 0 0 
0 0 0 0 0 0 0 0 0 0 0 0 0 0 0 0 0 0 0 0 0 0 0 0 0 0 1 0 0 0 0 0 0 
0 0 0 0 0 0 0 0 0 0 0 0 0 0 0 0 0 0 0 0 0 0 0 0 0 0 0 1 0 0 0 0 0 
0 0 0 0 0 0 0 0 0 0 0 0 0 0 0 0 0 0 0 0 0 0 0 0 0 0 0 0 1 0 0 0 0 
0 0 0 0 0 0 0 0 0 0 0 0 0 0 0 0 0 0 0 0 0 0 0 0 0 0 0 0 0 1 0 0 0 
0 0 0 0 0 0 0 0 0 0 0 0 0 0 0 0 0 0 0 0 0 0 0 0 0 0 0 0 0 0 1 0 0 
0 0 0 0 0 0 0 0 0 0 0 0 0 0 0 0 0 0 0 0 0 0 0 0 0 0 0 0 0 0 0 1 0 
0 -133/460 -133/460 -133/460 -133/460 -133/460 -133/460 -1887/842 -2101/702 -121/362 -2236/979 -2972/979 -121/362  898/975  898/975  331/632  331/632 -2236/979  721/914 -110/679 -2972/979  437/606 -263/600 -1097/471 -1981/643 -5465/617 -5465/617 -1981/643  452/671 -5465/617  12/61 -1943/740  1 
0 -152/821  539/776 -152/821 -152/821 -152/821 -152/821 -152/821 -2391/862 -197/864 -197/864 -2367/841  302/465 -197/864 -197/864 -197/864 -197/864  302/465 -197/864 -197/864 -78/473 -2367/841 -2367/841 -183/670 -1763/617 -1763/617 -1763/617 -67/319 -1763/617 -67/319 -1763/617 -1161/400  1 
0  819/827  819/827  499/480  583/931  819/827  499/480  1001/997  499/480  43/74 -39/418  43/74  43/74  69/73 -87/404  69/73 -87/404 -39/418  491/631  491/631  43/74  69/73  69/73 -1943/922 -199/764 -1943/922  72/79 -199/764  421/789 -1943/922 -58/419 -177/952  1 
0  789/737  733/704  618/647  721/799  789/737  789/737  1021/947  789/737 -497/940  407/717  853/995  544/987  172/189  853/995  172/189  853/995  181/199  970/939  970/939  715/736  355/347  355/347 -1763/617 -237/413  58/111  146/225  481/955 -237/413  856/993  58/111 -1161/400  1 
0 -94/545 -94/545  433/398  433/398  409/366  583/931  533/476  433/398  43/74 -39/418  43/74  43/74 -87/404 -87/404  581/971  581/971 -39/418 -64/31 -33/635  43/74 -87/404  581/971  889/857  371/362  889/857 -58/419  371/362  421/789  889/857 -58/419  191/350  1 
0  706/931  706/931  155/148  629/586  760/697  841/884  155/148  304/279 -199/968 -199/968 -963/362 -199/968  470/659 -2236/979  470/659 -2236/979 -199/968  470/659  470/659 -963/362  18/853  18/853  955/968  729/799  729/799  260/417  729/799 -2378/879  729/799 -2378/879 -2417/878  1 
0 -1842/431 -1842/431  1073/972  1073/972  259/239 -791/873  1073/972  1073/972 -762/803 -762/803 -762/803 -762/803  277/428  277/428 -3361/779 -3361/779 -762/803  277/428 -3361/779 -762/803  277/428 -3361/779  231/232  231/232  231/232 -335/337  231/232  691/802  231/232  691/802 -426/409  1 
0  195/862  195/862  195/862  195/862  195/862  195/862  195/862  195/862  156/841  156/841  156/841  156/841  156/841  156/841  156/841  156/841  156/841  156/841  156/841  156/841  156/841  156/841  88/617  88/617  88/617  88/617  88/617  88/617  88/617  88/617  39/400  1 
-1 1 1 1 1 1 1 1 1 1 1 1 1 1 1 1 1 1 1 1 1 1 1 1 1 1 1 1 1 1 1 1 0 
end
